0000000000
-000000001
0000062671
0000074300
0000214261
0000252503
-000000001
0000377768
0000520150
0000725185
0000732845
0000812154
0000978868
0001115445
0001231027
-000000001
-000000001
0001291555
-000000001
-000000001
-000000001
0001358726
0001471602
0001572159
0001583165
-000000001
0001603951
0001623975
0001637818
0001819155
-000000001
0001937931
0001939101
0002030593
0002063349
0002135162
-000000001
0002190075
0002428186
-000000001
-000000001
-000000001
0002567238
0002613142
0002807041
0002984368
0003140638
0003297520
0003450490
-000000001
-000000001
0003450853
0003498053
0003615796
0003745879
-000000001
0003901752
0003990320
0004187756
0004241023
0004537075
0004735666
0004958372
0005105410
0005320984
0005364472
-000000001
0005480117
0005613864
0005877470
0006105272
0006276085
0006341099
0006397031
0006435267
0006562865
0006647457
0006677436
0006744144
0006775132
-000000001
-000000001
-000000001
0006924199
0007024851
0007233229
-000000001
0007305081
0007416767
0007470204
-000000001
-000000001
0007667764
-000000001
0007831069
0007918750
0008090125
0008092508
-000000001
0008225381
0008449938
0008509922
-000000001
0008518322
-000000001
0008730614
0008871016
-000000001
0008981559
0008984105
0009077046
0009133155
0009145717
0009230689
0009399663
-000000001
0009605910
-000000001
0009773749
0010008208
0010227596
0010314715
0010521427
0010657210
0010737490
0010863650
-000000001
0010870115
0010989897
0011053030
0011233192
0011445078
0011683156
0011683576
0011906798
0012091492
0012138213
0012191013
0012355569
-000000001
-000000001
-000000001
-000000001
-000000001
-000000001
-000000001
0012583922
0012814739
0013094563
-000000001
0013128354
0013321697
0013578798
0013649574
0013683090
-000000001
0013724802
0013823588
0013863405
0013893775
0014102489
0014306226
0014442803
0014558401
0014595594
0014595662
0014666289
0014678050
0014794033
-000000001
0014917429
0014920485
0015016145
0015103850
0015151246
0015241839
0015362096
-000000001
0015583845
0015676172
0015745502
0015826006
0015975893
0016132182
0016296758
-000000001
0016399089
0016631664
0016691189
-000000001
0016761309
0016953964
0017115117
0017214610
0017217217
0017277178
0017403288
0017512193
0017512409
-000000001
0017695924
0017696242
0017747305
0017870919
0017918230
0018066235
0018286195
0018474553
-000000001
0018670307
0018776287
0018888461
0019030399
-000000001
0019051694
-000000001
0019175248
-000000001
-000000001
0019233477
0019413448
0019461566
0019518576
0019646323
0019798560
0019975839
0020128858
0020216410
0020235803
0020331579
0020362766
0020362869
-000000001
-000000001
0020363214
0020385413
0020398801
0020607193
-000000001
-000000001
-000000001
-000000001
0020622420
-000000001
-000000001
0020622439
-000000001
0020759967
0021043412
0021145667
-000000001
0021211109
0021283381
0021350149
0021413686
0021653326
-000000001
-000000001
0021661961
0021766451
0021923987
0022042365
0022206847
-000000001
-000000001
-000000001
-000000001
-000000001
-000000001
0022382487
0022483894
0022624999
0022754642
0022912037
0023052194
0023195613
0023195851
0023267820
0023360383
0023412616
0023578343
0023593873
0023866848
0023970203
0024055050
0024063750
0024161601
0024164339
0024429050
0024506081
-000000001
0024683862
-000000001
0024838262
0025012195
-000000001
0025013744
-000000001
0025129744
0025287239
0025457003
0025563090
0025720530
0025739068
0025884952
0025888262
0025931441
0025932235
0026031178
0026082144
0026335017
-000000001
0026459114
0026459392
0026612621
0026773148
0026977801
0027137895
0027186121
0027402234
-000000001
0027455632
0027577092
0027628652
0027817211
0027824670
0028017760
0028302723
0028303913
0028349256
0028459428
0028533123
0028604518
0028750617
0028947837
0029071048
0029087468
0029122487
0029356121
-000000001
0029628123
0029671978
0029685929
0029757016
0029982644
0030071098
-000000001
0030071745
0030239724
0030361650
0030496616
0030625212
0030790024
0030790630
0031019042
0031089241
0031252404
0031462541
0031517378
0031687963
0031886672
0032062381
0032207468
0032207812
0032327588
0032429008
0032488721
0032489922
0032600817
0032827946
0032978237
-000000001
-000000001
-000000001
0033171852
0033278597
0033370456
-000000001
0033449130
0033491299
0033635917
0033795583
0033982062
0034111623
-000000001
0034156555
0034297891
0034438239
0034482582
0034534960
0034613739
0034773097
-000000001
0034960369
0035124210
0035303300
0035370649
0035399590
0035538672
0035649669
0035880191
0035958494
0035958923
-000000001
0036055677
0036154916
0036278498
0036485214
0036561278
0036793459
0036904971
0037021102
0037166601
0037321918
0037448641
0037672786
0037890884
0038023108
0038186559
0038291159
0038514190
0038514225
0038650915
0038815132
0038815201
0038946470
0038948267
-000000001
0039048542
0039135516
0039139339
0039422104
0039482970
-000000001
0039548693
0039757866
0039845749
-000000001
0040007407
0040034265
0040061698
0040076088
0040332373
0040469572
0040493018
0040525982
0040750615
0040759933
0040834613
0040907238
0041052912
0041239626
0041344081
0041443573
0041537572
0041593084
0041798841
0041883669
0041992898
0042009510
0042054437
0042098312
0042267268
0042352552
0042430215
0042446024
0042492974
0042493081
0042501264
0042580491
0042612552
0042641490
0042719941
0042826096
0042884263
0042920108
0042963640
0043154579
0043370375
0043489254
0043539475
0043610047
0043753308
-000000001
0043805154
0043831712
0043889311
0044061944
0044129231
0044367487
0044621267
0044907036
0044915426
0045094621
0045267050
0045318621
0045340882
0045414574
0045474442
0045544601
0045637280
0045641325
0045883723
0046002398
0046083392
0046246710
0046409897
0046452565
0046501686
0046637068
0046711060
0046734121
0046761119
0046834479
0047038371
0047105363
0047184378
0047255775
0047299527
0047379385
0047462645
0047543002
0047734658
0047825988
0047908044
0048024380
0048205472
0048443297
0048452215
0048534432
0048636388
0048670003
0048794192
0048815235
0048921805
0049044532
-000000001
0049205939
0049441026
0049691969
0049786057
0049967807
0050101379
0050103526
0050233851
0050409092
0050427121
0050544056
0050757300
0050838637
0050870682
0050934779
0050972546
0051046206
-000000001
0051046291
-000000001
0051126107
0051201993
0051390668
0051531140
0051601953
0051730806
0051846253
0052038581
-000000001
0052216485
0052288985
0052369538
0052452843
0052708981
0052902082
0052945095
0053121035
0053129844
0053166423
0053265223
0053388735
0053398870
0053541141
0053597996
0053808603
0053817673
0054048504
0054234359
0054284133
-000000001
0054432176
0054634593
-000000001
0054707717
0054926467
0054954158
0054975835
0055035367
0055309263
0055333190
-000000001
0055334268
0055363039
0055601442
0055679864
-000000001
0055762396
0055777652
0055779106
0056029933
0056222399
0056434087
-000000001
0056484759
0056696921
0056930387
0057060141
0057111307
0057225845
0057401192
0057489845
0057580694
0057799466
0057927193
0058057906
0058134722
0058170293
0058263350
0058356119
0058440715
0058521453
0058724435
0058849001
0058913522
0059104892
0059288634
0059297624
-000000001
0059514539
0059614968
0059829027
-000000001
0060028755
0060109411
0060133759
0060217457
0060393651
0060699665
0060702200
0060803420
0060965847
0061141453
0061369095
0061450485
0061482146
0061575514
0061788712
0061821332
0061939955
0062038714
0062041968
0062189398
0062419088
0062423044
0062455221
0062626722
0062694011
0062704988
-000000001
0062827950
-000000001
0062894682
0062953823
0063063793
0063080032
0063147151
-000000001
0063211386
0063300293
0063360951
0063550793
0063612251
0063612482
0063794276
0063899715
0063929596
0064050554
0064208102
0064227926
0064308607
0064345704
0064450118
-000000001
0064593989
0064610557
0064671834
0064683505
0064698545
0064905111
0064956272
0065024267
0065108837
0065187294
0065461768
0065676183
0065868213
0065939034
0065968662
0066035569
0066188374
0066268673
0066331296
0066332826
0066405478
0066618929
0066638897
0066714534
0066747962
0066822986
0066848388
0066878730
0067003729
0067019172
-000000001
-000000001
0067066068
0067121970
0067171719
0067189772
0067352006
0067406409
-000000001
0067484837
0067581175
0067665721
0067750648
0067814375
0067848354
0067921671
-000000001
0068164247
0068204205
0068444125
0068487723
0068682999
0068762544
0068859679
0068930777
0069170119
0069175058
0069323077
0069414506
0069428409
0069488751
0069610666
0069612902
-000000001
0069634142
0069787536
0069806947
0069992804
0070045698
0070079530
0070178625
-000000001
0070233442
-000000001
0070233718
0070397471
0070560903
0070678483
0070730008
0070827061
0070941536
0070941554
-000000001
0071019840
0071030386
0071223254
0071223914
0071286895
0071463829
0071577984
0071759212
0071821698
0071926122
-000000001
0072035581
0072107904
0072266330
0072363787
0072460073
0072460124
0072583144
0072733491
0072858477
0072967958
0072978457
0073096127
0073221808
0073322284
0073418680
0073421077
0073698851
0073832915
0073834145
0073837347
0073839230
0073920811
0073939760
0073940332
0074082305
0074087574
0074088500
0074266902
0074299626
0074514629
0074740766
0075004241
0075057791
0075252741
0075387200
0075681834
0075683075
0075788734
0075937882
0076112267
0076154578
0076219570
0076295308
0076339247
0076538415
0076759095
0076773911
0076774089
0076861098
0077133882
0077227024
0077351330
-000000001
0077583832
0077603701
0077657175
-000000001
0077710169
0077992192
-000000001
0078136258
0078242640
0078242656
0078242674
0078402303
-000000001
0078438062
0078515895
0078556435
0078649207
0078758999
0078830302
0078877277
0078919466
0079043156
0079170667
0079307903
0079425530
0079443663
0079524352
0079593724
0079597564
0079614981
0079662295
0079725946
0079747071
0079747157
0080032791
0080210262
0080297090
0080351025
0080368546
0080373431
-000000001
0080396281
0080551810
0080567386
0080742903
-000000001
0080744942
0080804355
-000000001
0081027380
0081036650
-000000001
0081155941
0081250289
0081335240
0081415225
0081506467
0081649750
0081739984
0081776451
-000000001
0081946637
0082122674
0082206610
0082257160
0082353251
0082514356
0082675287
0082869341
0083060511
-000000001
0083201568
0083235576
0083235593
0083386450
-000000001
0083553663
0083651229
-000000001
0083796553
0083860742
0083861250
0083928107
0084030931
0084040676
0084195712
0084311741
0084436164
0084479050
0084641300
0084908999
0084934446
0084936943
0084953585
0085034884
0085186066
-000000001
0085193419
0085376274
-000000001
0085489661
0085556992
0085563846
0085630868
0085652574
0085778041
0085797211
0085989265
0086088459
0086102701
0086134208
0086235009
0086237044
0086414462
0086585502
0086727880
0086979011
0086994461
0087189241
0087343789
0087456784
0087686210
0087869640
0087933961
0088075528
0088135856
0088213972
0088214367
0088412779
0088589389
0088767806
0088853846
-000000001
0088854857
-000000001
0088898952
0088920232
0089120854
0089293613
0089393997
-000000001
0089505498
0089675436
0089738561
0089904387
-000000001
0089967492
0089974527
0090064521
0090064825
0090073528
0090110509
0090192945
-000000001
0090264063
0090357455
0090459425
0090627111
0090703022
0090791056
0090879732
0090916973
0090986111
0091177717
0091180947
0091483470
0091644368
0091812854
0091979613
0092163516
0092282048
0092293125
0092299021
-000000001
0092351721
0092431192
0092482600
0092507016
0092620899
0092626362
0092874492
0092987125
0093093094
0093192853
0093210779
0093420891
0093599951
-000000001
0093740964
0093797264
0094094081
0094233930
0094421005
0094437851
0094483781
0094486386
0094492222
0094651876
0094878408
0095004553
0095019121
0095117745
-000000001
0095261729
-000000001
0095315836
0095328143
0095393456
0095575472
0095588279
0095768653
0095944744
0096066522
0096286093
0096453031
0096551612
0096665096
0096674753
-000000001
-000000001
0096710426
0096820588
0096954137
0097151878
0097353629
0097452454
0097453738
0097536722
0097731144
0097813729
0097828885
0098006139
0098066510
0098158078
0098264538
-000000001
0098405432
0098453403
-000000001
0098459163
0098532366
0098674924
-000000001
0098698048
0098736292
0098791854
-000000001
0098928423
0099119780
0099234061
0099306040
0099318826
0099341454
0099569866
0099817696
0100015898
-000000001
0100258930
0100487855
0100622736
-000000001
0100775764
0100927726
0101022493
0101116764
0101301674
0101397353
0101447502
0101517388
0101601768
0101607204
-000000001
0101638929
0101884338
0102011077
0102211932
0102226681
0102327400
0102350124
0102462706
0102638850
0102755477
0102803968
0102922328
0103002609
0103253886
0103448605
0103449343
0103488913
0103597606
0103842910
0104048365
0104278307
0104491361
0104777867
0104810500
0104901698
-000000001
0105000815
0105164650
0105189572
0105259903
0105267344
0105356406
0105424684
0105429666
0105524043
0105672841
0105699619
-000000001
0105767194
0105821126
0106009034
0106044583
0106255008
0106422050
-000000001
0106582667
0106845876
0106957644
0107141412
0107355975
0107356420
